      0.00000        -2.00000         0.00000         1.00000         0.00000         0.00000        -100.000
    -2.980232E-08     0.00000        -3.66667         0.00000         1.00000         0.00000        -266.667
      0.00000         1.00000         0.00000        -3.00000         0.00000         1.00000        -100.000
      0.00000         0.00000         1.00000         0.00000        -4.00000         0.00000        -200.000
      0.00000         0.00000         0.00000         1.00000         0.00000        -3.00000        -100.000
    -2.980232E-08     0.00000        -3.66667         0.00000         1.00000         0.00000        -266.667
      0.00000         0.00000         0.00000        -2.50000         0.00000         1.00000        -150.000
      0.00000         0.00000         1.00000         0.00000        -4.00000         0.00000        -200.000
      0.00000         0.00000         0.00000         1.00000         0.00000        -3.00000        -100.000
      0.00000         0.00000         0.00000        -2.50000         0.00000         1.00000        -150.000
    -8.127906E-09     0.00000       -5.147674E-08     0.00000        -3.72727         0.00000        -272.727
      0.00000         0.00000         0.00000         1.00000         0.00000        -3.00000        -100.000
    -8.127906E-09     0.00000       -5.147674E-08     0.00000        -3.72727         0.00000        -272.727
      0.00000         0.00000         0.00000       -1.490116E-08     0.00000        -2.60000        -160.000
      0.00000         0.00000         0.00000       -1.490116E-08     0.00000        -2.60000        -160.000
  x(           1) =      97.5610
  x(           2) =      92.3077
  x(           3) =      92.6829
  x(           4) =      84.6154
  x(           5) =      73.1707
  x(           6) =      61.5385
